1.0,0.16028619793707452
1.0,0.15971740086873373
0.9959016393442623,0.16070563382789738
1.0,0.1589815381132526
1.0,0.16002389236732764
1.0,0.1603033071682777
1.0,0.15988943900591063
0.9959016393442623,0.15936061495640239
1.0,0.15781525819880482
1.0,0.1601004276746585
1.0,0.1588663112970046
1.0,0.15984858406914604
1.0,0.15876820254227753
1.0,0.1584371274390829
1.0,0.15784695707721474
1.0,0.15750471849009823
1.0,0.1580802903744419
1.0,0.15857341946888362
1.0,0.15678607779765816
1.0,0.1572073742195412
1.0,0.1564311804594817
1.0,0.15700981450178986
0.9959016393442623,0.1583937045003547
1.0,0.158049228260056
