1.0,0.15492602042209955
1.0,0.15520876229054642
1.0,0.15510661906175652
1.0,0.15520269978684162
1.0,0.1551374211723422
1.0,0.15422913370799626
1.0,0.15613684242154346
1.0,0.1537640281174899
1.0,0.15494696201120384
1.0,0.15455152370311595
1.0,0.15440763563776214
1.0,0.15338409879080062
1.0,0.15525699446721333
1.0,0.15524004418172954
1.0,0.15467050831013746
0.9959016393442623,0.15283186807007085
1.0,0.15302095197355797
1.0,0.15497537895485206
0.9959016393442623,0.1534429085059244
1.0,0.15508896235085318
1.0,0.15162806353941866
1.0,0.15370669777010693
1.0,0.15428216074719842
1.0,0.15221852432062596
