1.0,0.1605442970518082
1.0,0.16318308739435106
1.0,0.1615215331789047
1.0,0.1603368880256774
1.0,0.15966496391901894
1.0,0.15718714396158853
1.0,0.15542660440717423
1.0,0.15599587607005286
1.0,0.15482216411166722
1.0,0.16033296358017696
1.0,0.1554587038736495
1.0,0.16041041177416604
1.0,0.15984210135444762
1.0,0.15795545350937618
1.0,0.15348473806229848
1.0,0.15568483821929446
1.0,0.1603000391097296
1.0,0.15731764975048246
1.0,0.15586799288552905
1.0,0.15840972037542433
1.0,0.1587735130673363
1.0,0.1586068736182319
1.0,0.1584493811168368
1.0,0.15605380800035265
