1.0,0.14934636676122273
1.0,0.14896085148765928
1.0,0.148152370301504
1.0,0.14587237721397764
1.0,0.14758321974012586
1.0,0.15064188412257604
1.0,0.147788819812593
1.0,0.14618841428605336
1.0,0.15235436908782474
1.0,0.14837245335654606
1.0,0.14617328795175705
1.0,0.1474783117808993
1.0,0.14810083025977724
1.0,0.15048068288772826
1.0,0.15159353755769275
1.0,0.15009029706319174
1.0,0.1495592404925634
1.0,0.14788811925857787
1.0,0.15161628571767655
1.0,0.1488222318982321
1.0,0.14937420118422734
1.0,0.15089637892586844
1.0,0.14904125531514487
1.0,0.14940125980074442
