1.0,0.15056710871158804
0.9959016393442623,0.14805938865317672
1.0,0.14828488463727535
1.0,0.14835566453972962
0.9918367346938776,0.14770004603327538
1.0,0.1492876721998301
1.0,0.1500316686591003
0.9959016393442623,0.14782853693258566
1.0,0.14853662031668205
0.9959016393442623,0.14913665271196208
1.0,0.14814981119132337
1.0,0.14625210035975578
0.9959016393442623,0.14946205889592407
1.0,0.1458015971713596
1.0,0.14699192105987927
1.0,0.1468074851565891
1.0,0.14775363211769135
1.0,0.14607215908819757
1.0,0.14715758076420538
1.0,0.1479973979447604
1.0,0.14781248127972638
1.0,0.1478138754887836
0.9959016393442623,0.146880889525179
1.0,0.14907958674332733
1.0,0.14706015292509103
