1.0,0.13655798018924772
1.0,0.12870158846416171
1.0,0.13292447347489614
1.0,0.1336924121493385
1.0,0.13668890604897152
1.0,0.13584119932992117
1.0,0.13207333806961302
1.0,0.1329307480463906
1.0,0.12808480716886975
1.0,0.13222332227797734
1.0,0.13127822346157497
1.0,0.13443659222315227
1.0,0.13650399162655785
1.0,0.135191800102355
1.0,0.13232197080339705
1.0,0.13409739827352857
1.0,0.13230622003948878
1.0,0.13455666436089408
1.0,0.13166874552529956
1.0,0.1315225230322944
1.0,0.1318333943684896
1.0,0.13206176909189377
1.0,0.1341127213977632
1.0,0.13183245583186073
