1.0,0.15699510347275508
1.0,0.15023131219167557
1.0,0.15339332156711155
0.984375,0.14934542030096054
1.0,0.15741507969205343
1.0,0.15543388563489158
1.0,0.15528210761055114
1.0,0.15527994292122976
1.0,0.1541475152212476
1.0,0.15473050541347927
1.0,0.1534368840474931
1.0,0.1548126879192534
1.0,0.1511496135166713
1.0,0.15240899721781412
1.0,0.15010432969956172
1.0,0.1508814115372915
1.0,0.14754562529306564
1.0,0.14967201248047843
0.984375,0.15052979439496994
1.0,0.15674713301280188
1.0,0.15511253523448157
1.0,0.15302905960688515
1.0,0.1509800562782893
1.0,0.15434162957327707
