1.0,0.13330669756288882
1.0,0.13337922979284217
1.0,0.13383386556994278
1.0,0.13463231859874333
1.0,0.13415167263015307
1.0,0.13404046557077165
1.0,0.13283611030735595
1.0,0.13477059156315807
1.0,0.1340219719419754
0.9959016393442623,0.13274303127507694
1.0,0.13254850195268544
1.0,0.13241165949974532
1.0,0.13411938800733275
1.0,0.1329243340119413
1.0,0.13158582365561905
1.0,0.13399645330484022
1.0,0.13375629417199658
1.0,0.1351908980083073
1.0,0.13406745788982374
1.0,0.1354857138645502
1.0,0.135249897285744
1.0,0.13334921358053575
1.0,0.1321847870516679
1.0,0.1346523918732694
