1.0,0.14710046038215543
1.0,0.14613574718742214
1.0,0.14725767339698573
1.0,0.1467126750161128
1.0,0.14677439206912193
1.0,0.14798245900942955
1.0,0.14556544602162552
1.0,0.14840312259187424
1.0,0.14493169804168826
1.0,0.14591163274192026
1.0,0.1469662022688752
1.0,0.14707422256469727
1.0,0.14778702053022974
1.0,0.14617453386754165
1.0,0.14726062174196597
0.9959016393442623,0.1466750873893988
0.9959016393442623,0.14647235147288587
1.0,0.1458487608795794
1.0,0.14506267225791397
1.0,0.1456060929553499
1.0,0.1454554496969215
1.0,0.14543158232920456
0.9959016393442623,0.14552970987851502
1.0,0.14474730236540115
1.0,0.14367289111447432
1.0,0.14424333945223333
0.9959016393442623,0.14372313804313785
1.0,0.14454820911580152
1.0,0.14548130094269177
0.9959016393442623,0.14506269478407063
0.9959016393442623,0.1445699158262034
1.0,0.14231127770349322
1.0,0.1457379531467893
1.0,0.14686584767000174
1.0,0.14434268347029824
1.0,0.1458747200514554
0.9959016393442623,0.14343851023033016
1.0,0.1433492648748704
1.0,0.1449004377357263
0.9959016393442623,0.14437597696898413
