1.0,0.15024351681210868
0.9959016393442623,0.1513743537371276
0.9959016393442623,0.15073227980097786
1.0,0.149367509064851
1.0,0.15163222654366199
1.0,0.15016370153230896
1.0,0.15121906578786087
1.0,0.15146197605525516
1.0,0.15284112353383758
1.0,0.15068298112217782
1.0,0.1514043533262402
1.0,0.15205683629699204
1.0,0.15166885764510543
1.0,0.14994161707874187
0.9959016393442623,0.15168687359231417
1.0,0.151323544145121
1.0,0.14972832173476985
1.0,0.14873442433989098
1.0,0.14982624701511713
1.0,0.1501618177311901
1.0,0.1513336999916736
1.0,0.1490560470785133
1.0,0.15063683486279147
1.0,0.15053697574285813
